512
12328
264
6119
9491
12260
6678
3782
1266
6599
1375
6104
4013
884
12506
5320
1702
8797
7959
11755
726
8242
2039
9100
10731
6051
4525
2045
9192
12090
1431
10945
7614
9095
9698
1558
2627
4917
6964
12271
1053
2345
2137
6180
3103
12318
11954
4781
1017
11214
8570
6985
3453
9999
9857
7190
3495
5459
7151
2256
6343
10699
3842
9941
10012
2641
11471
7407
12353
3346
11564
10390
4475
2926
6712
10518
12134
4407
10396
10957
6996
10732
11945
9723
4362
11599
10501
5179
11115
1843
4326
11814
1540
5775
7225
10736
11228
11494
2067
278
5412
384
2975
1731
8162
4920
12226
5531
12302
5788
12212
6575
6815
2670
12215
3347
7346
3741
2213
11266
1630
934
675
865
922
4201
5597
3537
11320
11417
11925
12443
8717
10951
831
4785
2162
3281
3354
1197
10970
9819
3839
8335
6728
3870
4404
11634
7415
3572
8832
11278
4179
8245
7779
6858
2012
10958
2585
7940
11628
11389
5887
8000
11615
9927
10312
11695
1757
4617
10173
3573
5177
6597
11568
4827
9675
2837
9101
658
6719
1410
3620
5315
8898
2586
8247
10893
8866
8617
10838
8819
1413
6687
11521
2323
2311
7007
7262
11072
7890
1716
3936
7623
5400
7790
3411
5379
4732
10522
3489
8489
11759
12099
6081
8281
5279
4513
12632
8866
9786
12242
11782
9319
1855
3836
1793
10232
172
6415
5000
5892
8097
8210
12018
2884
652
7412
10185
2590
9168
5825
6829
9501
8883
4645
9426
6087
12716
12445
2571
1432
6194
6600
10693
11018
9342
325
7452
11666
10202
3100
10064
1226
6623
3842
11577
7566
9119
7812
6907
396
8461
1353
4512
940
3376
7482
5870
1771
79
8277
43
5257
7555
12100
3371
1539
1008
12078
3620
11941
263
5290
5927
3792
3316
500
1028
5085
9545
5384
7658
2407
6467
9311
4788
6094
12265
1347
6439
6890
2862
660203576268
967097339274
34453101942
213931931059
978744428109
856071526261
104656243763
971003168542
126356784690
17657735237
512840534520
9415402082
39049225709
958242274006
306806995378
917375187976
465486220271
814079689855
204386613190
66635599952
388157231520
889356877015
337211268010
29436038448
737081244025
79605406582
67130262589
60963290907
202498835006
799801665106
524840583231
519704459683
148716462139
998223105301
25506765849
346821151109
238134968990
511875280818
626491984898
317475888383
970953096953
4672352132
739599920143
664351406445
957488206896
875020858749
701765773551
665907196108
995748885653
538156803193
191627356203
419239058670
468278298692
357624202930
340659078159
734445669196
489488459087
273434899560
940410152386
30790421716
860653922850
197674618267
418436644269
837674761938
237285502031
596360973552
561675198705
418846514071
245182626399
753338550015
993932525604
914977712319
365779745442
533708024462
522902657946
329066725149
852264678430
61371185653
232571729370
24078829643
692376887259
920954870355
743559117029
846130692485
303863480058
897318420152
34333857215
987617935214
128265296345
856166394996
206307675386
908622977925
231012494184
847102061876
573545262919
690455396187
615699220529
676907840185
438382661180
843722707493
856071526261
15923309590
917937247371
483682674642
588227074179
553529716129
2206004029
898698741833
796069036920
478036283585
995805993208
87225355311
833277857085
84643663497
514438280906
722040541296
106159228432
10854277481
954263192580
825854930625
908783419039
912614961269
307723061004
273904505194
987317644266
516303741190
235527735524
240680180432
64186291131
725100607143
513066931021
889815942918
235846552050
619233928082
239203198680
77074440823
913330031485
308336245325
389195802508
478044631621
963118959031
563357176152
689356651247
485501584271
919557754240
384121438991
385118752823
98683430841
371301213062
122956089268
974493040417
876116037528
717002613863
262051421886
959566372579
303854438953
790276841845
535625842415
276855727735
942491211998
669104943448
819345283534
947678210451
209535936612
530172619059
480999534018
531235437497
735149517362
638325600446
997669996244
960123636660
279597178506
617610053125
144953392404
560715262298
790712841687
448255862669
545872581229
550861327570
392346223720
278036567331
947055585058
352145936033
955531885713
421805604105
483034109455
668185749468
272983365245
271042720413
527515431092
819807414782
82519160092
470809500243
60864323710
983462539888
400440900264
50761746622
979047999426
904557820987
379166874680
